jails:
  kas0fficial:
    world: 4e228388-a923-4906-b86e-b835795ae05c
    world-name: lobby_test
    x: 8.419541074227068
    y: 38.0
    z: 9.457316400096559
    yaw: -280.35003662109375
    pitch: -2.100008249282837
  formedchicken67:
    world: 4e228388-a923-4906-b86e-b835795ae05c
    world-name: lobby_test
    x: 69.1482175643262
    y: 52.28248507942217
    z: -56.436004818220205
    yaw: 306.800048828125
    pitch: 41.999996185302734
